0.0262402
1.61585
1.77393
0.722963
0.0262402
1.60891
-0.0160865
-0.0106961
-0.0133261
-0.00701373
0.0509682
0.00168293
0.065896
0.053233
9.11548e-05
0.0057863
0.0131129
0.0291469
0.00157897
0.0166458
0.00130461
0.0394811
0.0656283
0.00330117
0.0683584
0.0360624
0.0564305
0.0531868
0.0297965
0.030094
0.0820108
0.0395411
0.0190099
0.0241336
0.00264275
0.0211901
0.0278456
0.0368097
0.0533923
-0.0275267
0.0441293
0.0714563
0.0218365
0.0545374
0.0656264
0.0221997
0.0369784
0.019828
0.00393455
0.0218764
-0.0171867
0.0469805
0.00435585
0.0232609
0.00365433
0.0348299
