0.0712921
6.09265
1.16982
2.31223
0.0712921
5.89276
0.0838544
0.0947308
0.0247011
0.018086
0.116271
0.0588526
0.119268
0.188265
0.0142946
0.0259283
0.124738
0.0598853
0.112088
0.0166319
0.0568183
0.0903907
0.112395
0.018538
0.0863403
0.0976676
0.0382486
0.0674829
0.108588
0.0484305
0.0880701
0.0434648
0.0629691
0.0690726
0.0642412
0.0629462
0.116912
0.067648
0.0884182
0.0283041
0.0737617
0.141812
0.0737191
0.0923098
0.0501456
0.0663799
0.0782949
0.0905338
0.0210067
0.0845281
0.0118407
0.0240052
0.0415891
0.0760954
0.0922832
0.0717585
