0.0347034
2.8651
1.71536
1.11551
0.0347034
2.82947
0.0499532
-0.0104402
0.00277725
0.0523194
0.08259
0.0506568
0.0509656
0.0669581
-0.0115586
0.0316577
-0.00359778
0.031538
0.0410068
0.0619045
0.0135535
0.0616125
0.0321465
0.0128474
0.0177073
0.0306762
0.00111375
0.0286981
0.015875
0.0479932
0.0296758
0.0643854
0.0274989
0.0130463
0.0293047
0.073524
0.00878797
0.0353885
0.0509613
0.0296613
0.0119571
0.0983853
0.0336612
0.0616852
0.0762427
0.0433435
0.0434784
0.0518486
0.043081
0.0456372
0.0391495
0.00198758
-0.0154922
0.0255772
0.0196183
0.0338209
