0.0269948
2.83973
1.59511
1.09815
0.0269948
2.80942
0.0439463
0.0315022
-0.00370899
-0.000554865
0.0553413
0.0184823
0.0378637
0.0872215
0.000460174
0.0176639
0.0371614
0.0226032
0.0350541
0.00580723
0.0218171
0.0292012
0.0544982
0.00379441
0.0444215
0.0573479
0.0191108
0.0212588
0.0463356
0.00890013
0.0385438
0.0109465
0.0207696
0.03284
0.0289657
0.0422565
0.0500039
0.0241392
0.0294981
0.0142648
0.0108488
0.0536495
0.0315287
0.0273131
0.0225746
0.0149034
0.0292288
0.0418982
0.00641248
0.0359042
-0.0163573
0.00492909
0.00813272
0.0124617
0.0498649
0.0286891
