0.117073
6.97772
1.22098
2.44063
0.117073
6.73568
0.161195
0.011721
0.0574701
0.195637
0.21866
0.142575
0.186537
0.163178
0.0316746
0.0553747
0.0682483
0.1391
0.152725
0.152886
0.0572148
0.207762
0.0520852
0.0585159
0.0981473
0.13294
0.0856769
0.100106
0.100599
0.153403
0.129674
0.186127
0.119715
0.055932
0.0835493
0.177278
0.0535564
0.0860186
0.129405
0.0991461
0.146964
0.247343
0.0856023
0.172381
0.186572
0.146033
0.167527
0.14452
0.100129
0.132144
0.112678
0.0470636
0.0017292
0.121771
0.0643275
0.0730152
