0.075808
5.32179
1.35701
1.95316
0.075808
5.17154
0.102456
-0.00348254
0.02456
0.124135
0.158929
0.0971115
0.121825
0.118597
0.00799785
0.0438123
0.0312323
0.081599
0.101958
0.113029
0.0315188
0.135896
0.0425089
0.0323906
0.0517845
0.0820139
0.0392925
0.0624235
0.0574643
0.103986
0.0794895
0.130825
0.0738888
0.0361994
0.0521101
0.125083
0.0292685
0.0585731
0.0928378
0.0598629
0.0774383
0.182925
0.0624718
0.120106
0.139118
0.0953761
0.10681
0.100802
0.0686962
0.0841796
0.0753931
0.0233535
-0.0137781
0.0778577
0.0367161
0.0517602
