0.0717137
4.07927
1.46067
1.74644
0.0717136
3.9814
0.000611491
0.023865
-0.0120155
0.0221406
0.122108
0.0400281
0.152838
0.152459
0.0205603
0.00456568
0.0942784
0.0752645
0.0579569
0.0307203
0.0389695
0.0973349
0.129701
-0.00381648
0.10708
0.0632387
0.111874
0.126418
0.0983159
0.0735809
0.163984
0.0820995
0.0262954
0.0739756
0.0127516
0.0244648
0.0838851
0.0661409
0.13917
-0.0113169
0.107592
0.180751
0.0401285
0.120736
0.115739
0.106187
0.140274
0.0540443
0.0190998
0.0632515
-0.00528342
0.0711245
0.053196
0.0909014
0.0303568
0.108058
