0.0330119
2.53493
1.1254
0.616713
0.0330119
2.52754
0.0224268
-0.00801728
0.015497
0.0293944
0.0595012
0.0242837
0.0627757
0.0413296
0.00851297
-0.00819531
0.0207218
0.035181
0.0254649
0.0433339
0.0342049
0.100153
0.0266794
0.0361149
0.113879
0.0264767
0.0407331
0.0253494
0.0260447
0.00133886
0.0222039
0.0453899
0.0221783
0.0370423
0.0073741
0.0758809
0.0239019
0.013542
0.0880868
-0.0190503
0.0149263
0.0705443
0.0318055
0.0644855
0.0300749
0.0384827
0.0203169
0.0314025
-0.00331366
0.0462036
-0.0182453
0.0163382
0.0328739
0.0435531
0.0608867
0.0505241
