0.0819729
5.17526
0.905461
1.46451
0.0819729
5.08714
0.0797704
0.0110031
0.0535011
0.0620866
0.13033
0.0608214
0.163231
0.117507
0.0354694
0.00335788
0.0663437
0.0763272
0.0812957
0.0751249
0.0725227
0.227365
0.0801552
0.0743364
0.193467
0.0911691
0.0870664
0.100089
0.101455
0.0358884
0.0413436
0.1074
0.0713527
0.0699119
0.0395504
0.116465
0.0886245
0.0229243
0.170651
-0.041521
0.0713629
0.164118
0.0775967
0.149835
0.0856611
0.0837155
0.0719023
0.04807
0.0145224
0.101603
0.0250787
0.0340115
0.0676915
0.115928
0.13734
0.0838221
