0.112
8.8224
1.16599
3.05492
0.112
7.64802
0.133178
0.139788
0.0570687
0.0451134
0.168521
0.100054
0.210514
0.276328
0.0310419
0.039715
0.18987
0.0933749
0.16965
0.0244813
0.0940124
0.142527
0.170464
0.0451933
0.123959
0.128433
0.0606373
0.108593
0.152042
0.0841208
0.132104
0.0742677
0.101438
0.103999
0.107962
0.0828763
0.162743
0.102362
0.137084
0.0459944
0.134979
0.204976
0.10539
0.156533
0.0752987
0.114141
0.118158
0.135463
0.0434329
0.136668
0.0472082
0.0506606
0.071641
0.124065
0.131141
0.110717
