0.0295124
2.48449
2.1631
1.04439
0.0295124
2.45463
0.0499532
-0.0087362
-0.00247822
0.0385622
0.0711901
0.0430766
0.0458329
0.0613343
-0.0126818
0.0289447
-0.00826993
0.031538
0.0313572
0.0517683
0.012205
0.0476785
0.0294989
0.0109515
0.0145602
0.0258404
-0.000113741
0.0215904
0.00809642
0.0371902
0.0274519
0.0567476
0.0225053
0.011108
0.0278812
0.0672056
0.00797002
0.0308721
0.0422916
0.023101
0.00671836
0.0753846
0.030528
0.0552399
0.0725994
0.0325243
0.0324151
0.0510179
0.0421666
0.043179
0.0346164
0.00201905
-0.0144476
0.0170727
0.0180149
0.0305477
