0.111486
5.63312
1.41161
2.3849
0.111486
5.41919
0.0290179
0.0475188
0.00205388
0.055351
0.169417
0.0758855
0.249043
0.23821
0.0385244
0.0118505
0.152743
0.123976
0.111279
0.0377612
0.0785735
0.157804
0.179839
0.00665875
0.122826
0.0944811
0.152617
0.182141
0.143086
0.104227
0.226075
0.1187
0.0423382
0.116545
0.0420974
0.0407753
0.138955
0.0887645
0.192572
0.0109317
0.153578
0.262412
0.0555275
0.173081
0.154126
0.169392
0.223118
0.0822242
0.0502069
0.11535
0.0191851
0.086994
0.0920208
0.141073
0.0568715
0.156521
