0.0387837
2.91971
1.12524
0.823754
0.0387837
2.90163
0.0224268
-0.0054361
0.0227074
0.0365388
0.0680477
0.0279551
0.0694834
0.0450148
0.0107412
-0.00917165
0.03
0.035181
0.0364164
0.0515114
0.0378329
0.122754
0.0322792
0.0383586
0.120767
0.0343531
0.0418273
0.0380395
0.0400107
0.00672807
0.0229113
0.0538216
0.0277539
0.0383012
0.00903087
0.083181
0.0275505
0.0160744
0.10238
-0.021873
0.0191208
0.0880275
0.0366372
0.0746178
0.0316386
0.050571
0.0294213
0.0322534
-0.00178458
0.0501371
-0.015871
0.0173333
0.0377534
0.0573922
0.0647277
0.0537125
