0.124447
6.57484
0.895468
1.94956
0.124447
6.40807
0.14979
0.0308758
0.0811982
0.0857287
0.189607
0.0979053
0.258167
0.183017
0.0475522
0.0318596
0.102009
0.118385
0.117966
0.0907687
0.106497
0.31575
0.143245
0.11474
0.25993
0.150301
0.134619
0.158095
0.155095
0.0634165
0.0670642
0.153652
0.111871
0.106143
0.0801317
0.13882
0.146414
0.0349643
0.225065
-0.0481442
0.13341
0.234215
0.113001
0.215307
0.139628
0.117338
0.112798
0.0688192
0.0347877
0.155401
0.0736358
0.0579778
0.0920115
0.161257
0.193665
0.116612
