0.0312038
1.91786
1.69342
0.873382
0.0312038
1.90578
-0.0160865
-0.0039179
-0.0162591
-0.00624003
0.0590783
0.00565754
0.0697323
0.0574466
0.00284146
0.00646056
0.0285507
0.029157
0.0106223
0.0206847
0.00299674
0.0479877
0.0743513
-0.000683619
0.0764605
0.0383137
0.0588195
0.0666727
0.0406457
0.0375437
0.0855068
0.0435826
0.0178073
0.0277124
0.00363682
0.019864
0.0290446
0.0433545
0.0717256
-0.0260247
0.0515622
0.0899017
0.0239896
0.0632117
0.0690567
0.0319536
0.0514835
0.0204392
0.00345512
0.0248446
-0.0188633
0.049179
0.0112692
0.0325742
0.00309863
0.0459877
