0.0316118
3.26769
1.35378
1.19098
0.0316118
3.23413
0.0439463
0.0442747
-0.000618096
0.000169204
0.0618677
0.0216156
0.041106
0.0912284
0.00069452
0.0198095
0.0536053
0.0229384
0.0484716
0.00786662
0.0245562
0.0367325
0.0618081
0.00516474
0.0493477
0.060831
0.019763
0.0295311
0.0556624
0.0138344
0.0405501
0.0138109
0.0252007
0.0340114
0.0314564
0.0451361
0.0545698
0.0339094
0.0386753
0.0177803
0.0152647
0.0692886
0.034787
0.0332378
0.0239128
0.0221352
0.0358632
0.0437749
0.00627304
0.039344
-0.0138773
0.0048926
0.0122132
0.0194355
0.0514518
0.0332865
